TT       PID       AT       CT       IO_D       WT       RT       TRT      Deadline
9       4        5        30        5        -26        6        4        90
9       36        9        27        0        -27        0        0        0
10       5        7        27        0        -24        10        3        30
12       7        10        22        9        -20        10        2        30
12       37        10        22        0        -20        0        2        0
31       8        13        24        30        -6        24        18        24
36       38        20        7        0        9        29        16        0
36       41        34        2        0        0        0        2        0
67       27        40        27        0        0        40        27        22
67       43        59        8        0        0        0        8        0
67       44        62        5        0        0        63        5        0
71       1        3        10        37        58        3        68        10
101       23        35        20        0        46        35        66        47
113       25        37        35        0        41        44        76        23
121       34        54        55        0        12        54        67        54
121       46        73        43        0        5        0        48        0
121       48        85        33        0        3        0        36        0
125       6        7        35        22        83        7        118        15
125       40        24        19        0        82        0        101        0
139       54        129        8        0        2        131        10        0
139       55        131        8        0        0        0        8        0
139       56        132        7        0        0        0        7        0
143       3        5        20        0        118        5        138        40
143       39        22        5        0        116        0        121        0
144       57        135        2        0        7        142        9        0
147       47        75        15        0        57        122        72        0
149       14        21        34        0        94        21        128        18
164       35        60        20        0        84        69        104        46
164       26        38        66        16        60        41        126        10
188       24        37        40        3        111        37        151        10
199       33        51        53        0        95        98        148        33
208       63        187        20        0        1        188        21        0
208       64        192        16        0        0        0        16        0
222       58        151        51        0        20        153        71        0
222       59        168        38        0        16        169        54        0
222       62        182        25        0        15        0        40        0
222       61        175        31        0        16        0        47        0
229       2        3        50        27        176        3        226        100
242       49        87        54        0        101        148        155        0
242       60        174        28        0        40        0        68        0
280       50        111        70        0        99        112        169        0
280       51        113        69        0        98        0        167        0
280       53        123        59        0        98        0        157        0
284       29        43        101        21        140        49        241        10
310       20        27        108        0        175        27        283        35
310       52        123        58        0        129        288        187        0
310       65        293        53        0        -36        295        17        0
310       66        294        52        0        -36        0        16        0
313       12        19        80        4        214        33        294        42
313       45        67        74        0        172        281        246        0
313       67        296        60        0        -43        0        17        0
314       17        24        150        15        140        24        290        5
315       19        25        93        14        197        29        290        11
326       28        40        70        3        216        43        286        32
333       13        19        92        5        222        88        314        10
354       15        21        88        22        245        21        333        26
356       31        46        65        12        245        46        310        55
386       11        17        134        4        235        18        369        25
388       32        48        70        6        270        150        340        20
419       22        34        127        0        258        34        385        20
439       30        45        169        13        225        46        394        42
449       18        25        161        19        263        25        424        14
522       9        14        121        21        387        21        508        140
552       16        23        199        20        330        25        529        30
562       10        15        200        0        347        15        547        100
562       42        40        183        0        339        314        522        0
562       68        331        166        0        65        392        231        0
562       70        405        153        0        4        425        157        0
562       73        428        150        0        -16        429        134        0
562       74        429        150        0        -17        508        133        0
562       76        511        147        0        -96        513        51        0
562       78        517        143        0        -98        0        45        0
562       77        512        146        0        -96        0        50        0
562       75        434        145        0        -17        435        128        0
562       79        555        139        0        -132        0        7        0
562       69        364        133        0        65        365        198        0
562       71        407        128        0        27        409        155        0
562       72        417        118        0        27        418        145        0
594       81        572        20        0        2        573        22        0
594       82        579        15        0        0        580        15        0
594       83        580        15        0        -1        0        14        0
594       84        592        3        0        -1        593        2        0
599       21        30        183        34        386        31        569        22
599       80        565        27        0        7        595        34        0
Processes : 84
AVG WT=92.5492      AVG_RT=135.093      AVG TRT=175.405
Migiration%:      RTF=4      MaxW=50      Work Steal%=0
Forked Processes : 
killed Proceeses : 
Processors : 12[3 FCFS ,3 SJF ,3 RR , 3 DEF ]
Procesores load
P1=86.4407   P2=116.491   P3=inf   P4=12.0276   P5=15.2855   P6=23.6928   P7=inf   P8=inf   P9=inf   P10=41.63   P11=51.6827   P12=33.9559   
Processores Utiliz
P1=47.2222   P2=60.0362   P3=106.897   P4=11.1688   P5=13.836   P6=18.9048   P7=96.0784   P8=91.0828   P9=65.2893   P10=21.8497   P11=26.8414   P12=20.2224   
AVG Utilization=48.2857
Percentage of Process completed before expected deadline=3.57143