2  1  2  1
4  5
6  90  20  32
50
3  1  50  22  0  
3  2  32  57  3  (5,14),(10,12),(20,7)
4  3  16  12  0  
4  4  52  85  0  
6  5  44  67  0  
7  6  35  35  1  (2,18)
7  7  76  75  2  (2,19),(3,14)
8  8  76  78  3  (3,20),(5,14),(7,12)
10  9  30  16  2  (1,11),(1,14)
11  10  17  44  0  
11  11  28  106  2  (4,8),(4,14)
11  12  71  35  0  
13  13  87  87  1  (5,9)
13  14  96  75  1  (2,14)
15  15  35  60  0  
15  16  44  37  2  (2,9),(10,15)
17  17  90  106  0  
19  18  24  78  2  (4,16),(5,12)
21  19  94  108  2  (5,11),(7,10)
23  20  99  55  0  
25  21  45  55  3  (3,7),(3,20),(4,9)
25  22  73  39  0  
25  23  66  56  1  (2,16)
27  24  25  35  2  (1,7),(4,17)
29  25  50  108  3  (4,10),(5,18),(7,6)
30  26  90  53  2  (2,20),(2,20)
32  27  34  35  0  
34  28  30  90  2  (5,12),(12,19)
35  29  49  71  0  
37  30  74  67  1  (4,8)
37  31  51  67  3  (1,7),(5,8),(5,9)
37  32  62  85  2  (3,5),(5,14)
38  33  20  37  1  (1,19)
39  34  37  72  2  (3,15),(3,6)
40  35  53  83  2  (2,16),(5,10)
41  36  18  27  0  
43  37  66  83  2  (2,14),(2,5)
43  38  81  89  1  (5,7)
44  39  40  46  2  (2,9),(6,16)
46  40  47  86  2  (4,7),(7,9)
48  41  83  24  0  
48  42  46  41  2  (3,19),(7,9)
50  43  69  39  3  (4,5),(5,19),(7,8)
51  44  76  63  0  
53  45  85  100  1  (1,6)
53  46  52  89  0  
54  47  62  64  3  (2,13),(2,15),(4,7)
54  48  90  41  1  (5,16)
55  49  94  102  0  
55  50  76  101  0  
4  26
6  35
13  36
19  12
22  25
24  16
28  44
