2   2   2   2
3 3
5  100  10  20
45
3   1   10   10   2  (1,20),(8,17)
3   2   50   100  4  (2,7),(3,13),(4,2),(5,5)
5   3   20   40   0
5   4   30   90   1  (25,5)
7   5   27   30   0
7   6   35   15   5  (20,6),(31,6),(32,3),(33,3),(35,4)
10  7   22   30   2  (3,3),(6,6)
13  8   24   24   3  (4,10),(6,10),(8,10)
14  9   121  140  2  (54,9),(90,12)
15  10  200  100  0 
17  11  134  25   1  (30,4)
19  12  80   24   2  (50,2),(78,2)
19  13  92   10   1  (74,5)
21  14  34   18   0
21  15  88   26   2  (55,9),(70,13)
23  16  199  30   3  (67,13),(80,3),(100,4)
24  17  150  5    2  (53,11),(104,4)
25  18  161  14   1 (110,19)
25  19  93   11   1 (65,14)
27  20  108  35   0
30  21  183  22   4  (44,6),(61,5),(100,10),(131,13)
34  22  127  20   0
35  23  20   47   0
37  24  40   10   1  (10,3)
37  25  35   23   0
38  26  66   10   1  (16,16)
40  27  27   22   0
40  28  70   32   1  (35,3)
43  29  101  10   2  (51,15),(89,6)
45  30  169  42   3  (69,6),(99,3),(123,4)
46  31  65   55   2  (25,5),(35,7)
48  32  70   20   1  (34,6)
51  33  53   33   0
54  34  55   54   0
60  35  20   46   0
62  36  46   30   1  (25,14)
63  37  20   17   2  (2,3),(10,5)
65  38  36   57   0
68  39  70   49   2  (24,10),(65,3)
68  40  39   18   0
70  41  50   38   1  (25,9)
74  42  34   40   1  (14,6)
79  43  48   45   0
79  44  50   45   2  (14,6),(37,8)
84  45  20   34   0
8   3
9   4
10  5
12  7
21  12
24  20
25  1
30  9
31  8
34  35
37  14
40  9
43  18
48  36
53  33
70  37
100 42




