TT        PID       AT        CT        IO_D      WT        RT        TRT       Deadline
30        13        14        16        0         0         14        16        27        
36        8         13        68        10        11        13        23        105       
36        86        15        66        0         21        0         21        0         
36        87        16        65        0         20        0         20        0         
44        37        40        60        8         4         0         4         19        
107       54        55        20        0         32        59        52        81        
116       6         11        78        0         27        11        105       99        
116       96        104       12        0         12        0         12        0         
116       97        107       9         0         9         0         9         0         
134       61        63        19        0         52        63        71        12        
134       98        129       5         0         5         0         5         0         
145       73        76        31        0         38        112       69        67        
145       99        136       8         0         9         0         9         0         
165       51        52        46        0         67        52        113       36        
165       102       162       3         0         2         163       3         0         
168       25        29        18        0         121       63        139       15        
185       70        73        54        0         58        73        112       105       
185       93        79        48        0         106       0         106       0         
185       94        83        44        0         102       0         102       0         
187       3         6         52        5         129       6         181       35        
209       49        51        46        0         112       58        158       16        
224       88        22        49        0         153       28        202       0         
224       90        39        38        0         185       0         185       0         
224       103       186       38        0         1         187       38        0         
224       104       189       36        0         32        190       35        0         
224       105       198       27        0         26        0         26        0         
228       95        91        26        0         111       144       137       0         
228       100       150       20        0         71        151       78        0         
228       101       152       18        0         76        0         76        0         
248       14        15        53        0         180       18        233       29        
271       34        36        18        0         217       253       235       90        
293       107       254       38        0         1         255       39        0         
293       108       260       33        0         33        0         33        0         
293       109       268       25        0         1         269       25        0         
293       110       271       23        0         22        0         22        0         
293       111       280       14        0         13        0         13        0         
315       31        34        67        0         214       34        281       102       
315       89        39        62        0         243       229       276       0         
315       106       250       41        0         61        251       65        0         
315       91        46        55        0         269       0         269       0         
319       74        78        15        25        226       78        241       17        
336       113       298       37        0         1         299       38        0         
375       80        83        32        16        260       142       292       19        
401       46        49        44        7         308       124       352       77        
401       114       299       36        0         102       0         102       0         
406       119       352       49        0         5         353       54        0         
406       120       353       49        0         53        0         53        0         
406       121       355       47        0         51        0         51        0         
430       42        45        31        10        354       85        385       14        
463       92        66        51        0         346       407       397       0         
463       123       436       27        0         2         437       27        0         
475       59        60        57        0         358       60        415       28        
480       12        14        60        0         406       14        466       27        
493       116       334       66        0         93        335       159       0         
493       118       339       62        0         154       0         154       0         
500       29        32        19        0         449       50        468       90        
511       112       297       80        0         134       320       214       0         
511       117       339       61        0         172       427       172       0         
511       122       427       61        0         84        0         84        0         
531       69        71        42        0         418       155       460       97        
563       124       523       39        0         1         524       40        0         
563       125       539       24        0         3         540       24        0         
563       126       547       16        0         16        0         16        0         
564       53        54        22        0         488       280       510       72        
571       1         3         95        15        473       3         568       11        
578       60        61        31        0         486       113       517       69        
587       5         9         94        9         484       13        578       11        
587       128       579       8         0         1         580       8         0         
589       35        38        19        0         532       337       551       92        
664       2         4         36        22        624       8         660       55        
665       79        82        66        0         517       195       583       78        
682       132       621       60        0         1         622       61        0         
682       134       641       41        0         3         642       41        0         
682       136       680       4         0         2         0         2         0         
682       135       655       27        0         27        0         27        0         
684       66        65        27        9         592       69        619       28        
712       4         7         49        12        656       10        705       21        
721       130       602       77        0         42        603       119       0         
721       131       607       73        0         61        608       114       0         
721       133       626       54        0         95        0         95        0         
732       65        64        35        0         633       372       668       104       
737       137       680       19        0         38        682       57        0         
737       138       684       17        0         53        0         53        0         
737       141       733       4         0         4         0         4         0         
830       127       572       90        0         168       588       258       0         
830       129       589       89        0         160       590       241       0         
830       140       732       65        0         98        0         98        0         
830       143       758       69        0         35        759       72        0         
830       144       760       68        0         70        0         70        0         
830       145       761       67        0         69        0         69        0         
832       16        18        44        7         770       126       814       110       
853       146       779       9         0         65        844       74        0         
884       139       730       50        0         104       831       154       0         
884       147       859       23        0         25        0         25        0         
887       56        57        29        39        801       91        830       32        
897       115       309       68        0         520       494       588       0         
898       85        86        41        19        771       280       812       90        
919       40        42        52        17        825       48        877       92        
925       142       740       40        0         145       885       185       0         
925       148       904       21        0         1         905       21        0         
925       150       917       9         0         8         0         8         0         
925       149       907       18        0         2         908       18        0         
925       151       918       8         0         7         0         7         0         
925       152       923       3         0         2         0         2         0         
949       62        63        36        28        850       146       886       38        
970       26        30        55        25        885       45        940       33        
981       45        48        27        14        906       213       933       31        
990       43        47        87        29        856       47        943       57        
1042      48        51        40        19        951       53        991       78        
1052      39        42        48        0         962       42        1010      25        
1079      36        40        61        42        978       62        1039      11        
1105      83        85        29        38        991       147       1020      20        
1124      19        20        97        14        1007      23        1104      24        
1139      38        41        74        31        1024      74        1098      12        
1144      41        43        31        49        1070      85        1101      13        
1165      77        82        74        19        1009      174       1083      26        
1198      155       1185      12        0         1         1186      13        0         
1198      157       1192      6         0         6         0         6         0         
1199      154       1150      20        0         29        1151      49        0         
1203      50        51        62        23        1090      78        1152      60        
1207      156       1189      8         0         10        1199      18        0         
1210      55        55        84        13        1071      65        1155      49        
1211      153       1142      28        0         41        1166      69        0         
1220      24        27        32        21        1161      367       1193      92        
1224      22        25        99        0         1100      168       1199      39        
1265      67        67        87        26        1111      167       1198      57        
1299      76        82        33        0         1184      128       1217      102       
1309      75        80        65        5         1164      232       1229      94        
1314      82        85        25        23        1204      215       1229      83        
1325      28        31        96        42        1198      198       1294      41        
1332      32        36        38        22        1258      195       1296      107       
1366      27        31        80        14        1255      338       1335      57        
1382      64        63        52        0         1267      107       1319      78        
1383      58        59        93        19        1231      59        1324      42        
1386      20        22        54        8         1310      22        1364      95        
1416      15        16        65        8         1335      226       1400      81        
1449      158       1371      61        0         17        1387      78        0         
1449      159       1387      61        0         46        1388      62        0         
1449      160       1388      61        0         61        0         61        0         
1449      161       1389      60        0         60        0         60        0         
1449      162       1396      52        0         2         1397      53        0         
1449      163       1408      41        0         41        0         41        0         
1449      164       1416      33        0         33        0         33        0         
1453      81        85        98        0         1270      233       1368      46        
1458      52        54        63        17        1341      54        1404      101       
1462      63        63        51        41        1348      192       1399      93        
1471      17        20        94        29        1357      20        1451      91        
1471      166       1456      15        0         7         1463      15        0         
1471      167       1468      10        0         1         1469      3         0         
1471      168       1468      3         0         3         0         3         0         
1472      84        86        70        0         1316      809       1386      67        
1481      23        26        43        8         1412      159       1455      78        
1487      18        20        82        43        1385      22        1467      30        
1508      169       1481      26        0         1         1482      27        0         
1508      170       1489      19        0         12        1490      19        0         
1512      165       1450      33        0         29        1472      62        0         
1530      10        13        74        28        1443      16        1517      73        
1533      21        23        92        51        1418      40        1510      98        
1541      44        48        90        14        1403      153       1493      42        
1544      7         11        89        25        1444      11        1533      107       
1547      33        36        90        47        1421      36        1511      92        
1547      68        69        60        41        1418      138       1478      55        
1577      71        75        97        51        1405      238       1502      57        
1581      47        51        49        25        1481      51        1530      95        
1585      57        59        44        9         1482      498       1526      91        
1599      30        32        76        0         1491      101       1567      105       
1599      172       1581      18        0         17        1586      18        0         
1602      78        82        79        55        1441      181       1520      50        
1604      9         13        99        0         1492      144       1591      61        
1617      11        14        83        21        1520      35        1603      58        
1617      171       1580      31        0         21        1600      37        0         
1651      72        75        100       33        1476      156       1576      86        

Processes : 172
AVG WT=502.041      AVG RT=308.628      AVG TRT=545.893
Migiration :%      RTF = 5.23256 %        MaxW = 43.0233 %
Work Steal :       43.0233 %
Forked Processes : 32.5581 %
killed Proceeses : 37.7907 %


Processors : 7 [3 FCFS ,1 SJF ,2 RR , 1 DEF ]
Procesores load
P1 = 0.921335 %    P2 = 0.986607 %    P3 = 0.862339 %    P4 = 1.25522 %    P5 = 1.2615  %    P6 = 1.21882 %    P7 = 1.35313 %    

Processores Utiliz
P1 = 44.431  %    P2 = 47.5787 %    P3 = 41.586  %    P4 = 60.5327 %    P5 = 60.8354 %    P6 = 58.7772 %    P7 = 65.2542 %    
AVG Utilization = 54.1422 %

Percentage of Process completed before expected deadline = 0.581395 %