3  5  4  2
3  5
6  76  34  31
100
1  1  99  57  1  (4,17)
1  2  84  108  3  (5,12),(35,8),(70,11)
2  3  94  108  0  
2  4  17  29  0  
4  5  74  85  2  (14,10),(45,13)
5  6  19  80  0  
7  7  59  56  1  (29,10)
7  8  57  84  1  (38,16)
9  9  55  50  2  (3,10),(35,3)
10  10  68  54  1  (25,3)
10  11  59  82  0
10  12  25  85  2  (2,16),(5,6)
10  13  84  58  2  (12,14),(25,4)
12  14  53  50  2  (8,9),(39,10)
14  15  68  27  0  
15  16  44  64  1  (3,9)
16  17  65  17  1  (35,17)
16  18  77  19  0  
17  19  57  81  2  (13,5),(36,12)
17  20  18  79  1  (7,13)
19  21  22  89  1  (3,12)
21  22  37  60  1  (5,15)
21  23  75  17  1  (25,11)
22  24  31  78  0
23  25  41  66  0  
24  26  67  96  1  (4,12)
24  27  37  97  0
25  28  99  109  2  (4,6),(52,5)
25  29  19  102  1  (4,10)
26  30  53  26  0  
26  31  22  54  1  (2,5)
27  32  41  13  2  (2,10),(3,2)
29  33  54  40  2  (4,3),(5,7)
31  34  45  70  2  (4,10),(4,12)
31  35  99  77  0  
33  36  78  20  2  (4,14),(7,4)
35  37  61  65  3  (1,9),(5,8),(5,1)
37  38  20  19  1  (14,12)
38  39  93  33  1  (4,8)
40  40  59  14  1  (1,18)
40  41  31  18  3  (1,2),(5,8),(6,3)
40  42  100  25  3  (4,4),(50,12),(87,9)
42  43  59  108  0
42  44  40  71  0
43  45  97  57  2  (2,10),(4,9)
45  46  88  109  0  
45  47  33  79  2  (15,6),(27,3)
45  48  64  41  1  (40,8)
47  49  54  57  1  (40,5)
48  50  22  43  0  
49  51  42  109  1  (36,7)
49  52  90  84  2  (58,11),(75,5)
51  53  88  51  0  
51  54  92  74  0  
52  55  70  57  3  (16,4),(36,8),(68,2)
52  56  73  40  0  
52  57  85  56  1  (72,6)
52  58  97  28  2  (72,7),(86,12)
52  59  17  92  1  (81,4)
52  60  42  11  2  (16,3),(31,11)
53  61  52  15  3  (6,2),(18,5),(34,2)
55  62  28  55  0  
57  63  61  90  2  (3,7),(53,8)
59  64  96  58  0  
59  65  53  46  1  (3,14)
60  66  35  89  0
61  67  79  65  0
63  68  25  55  1  (1,10)
63  69  16  66  1  (8,6)
64  70  16  46  1  (12,3)
64  71  42  20  2  (2,3),(35,2)
64  72  75  37  1  (66,6)
64  73  87  109 2  (25,1),(70,2)
65  74  74  89  0
66  75  71  83  0
67  76  24  104  1  (2,12)
68  77  22  18  0
69  78  17  55  0  
70  79  20  98  1  (6,11)
72  80  90  36  1  (72,5)
72  81  59  67  1  (42,1)
74  82  20  77  2  (2,2),(8,1)
76  83  81  30  1  (25,7)
77  84  37  57  0  
79  85  53  48  1  (17,7)
80  86  100  19  0  
80  87  90  89  1  (1,6)
80  88  100  100  0
82  89  78  52  1  (1,17)
84  90  29  75  0
86  91  84  29  2  (3,5),(3,10)
86  92  34  75  0  
87  93  16  16  2  (3,8),(5,6)
88  94  48  16  0
88  95  16  73  0
90  96  76  50  0  
91  97  94  102  2  (45,5),(70,8)
93  98  64  62   0
94  99  53  105  1  (3,15)
95  100  70  65  1  (5,5)
3  34
8  59
14  31
19  16
21  99
26  39
32  95
36  58
43  91
46  42
50  22
56  51
61  21
67  30
74  98
80  85
82  88
