3  1  2  1
5  3
4  72  20  6
85
3  1  95  11  2  (4,8),(5,7)
4  2  36  55  2  (3,8),(8,14)
6  3  52  35  1 (3,5)
7  4  49  21  1  (2,12)
9  5  94  11  2  (3,1),(20,8)
11  6  78  99  0  
11  7  89  107  2  (4,15),(50,10)
13  8  68  105  1  (22,10)
13  9  99  61   0  
13  10  74  73  3 (44,14),(50,3),(60,11)
14  11  83  58  2  (5,12),(25,9)
14  12  60  27  0  
14  13  16  27  0
15  14  53  29  0  
16  15  65  81  1  (33,8)
18  16  44  110 1  (12,7)
20  17  94  91  2  (2,19),(6,10)
20  18  82  30  4  (1,20),(8,8),(19,8),(30,7)
20  19  97  24  1  (33,14)
22  20  54  95  1  (5,8)
23  21  92  98  4  (7,18),(34,17),(55,11),(72,5)
25  22  99  39  0
26  23  43  78  1  (5,8)
27  24  32  92  2  (4,12),(17,9)
29  25  18  15  0  
30  26  55  33  2  (4,5),(8,20)
31  27  80  57  1  (4,14)
31  28  96  41  3  (5,15),(5,7),(5,20)
32  29  19  90  0
32  30  76  105 0  
34  31  67  102 0  
36  32  38  107 2  (2,13),(22,9)
36  33  90  92  4  (2,17),(33,15),(69,8),(71,7)
36  34  18  90  0  
38  35  19  92  0  
40  36  61  11  3  (5,19),(7,18),(8,5)
40  37  60  19  1  (1,8)
41  38  74  12  2  (1,18),(4,13)
42  39  48  25  0
42  40  52  92  1  (2,17)
43  41  31  13  3  (2,9),(13,20),(21,20)
45  42  31  14  1  (12,10)
47  43  87  57  2  (15,11),(79,18)
48  44  90  42  1  (44,14)
48  45  27  31  2  (1,8),(12,6)
49  46  44  77  1  (3,7)
51  47  49  95  3  (1,8),(13,9),(45,8)
51  48  40  78  3  (4,6),(7,5),(8,8)
51  49  46  16  0  
51  50  62  60  2  (2,17),(55,6)
52  51  46  36  0  
54  52  63  101 1  (5,17)
54  53  22  72  0  
55  54  20  81  0  
55  55  84  49  1  (50,13)
57  56  29  32  3  (2,19),(16,7),(20,13)
59  57  44  91  1  (1,9)
59  58  93  42  1  (15,19)
60  59  57  28  0  
61  60  31  69  0
63  61  19  12  0
63  62  36  38  2  (1,9),(30,19)
63  63  51  93  3  (2,15),(13,6),(32,20)
63  64  52  78  0  
64  65  35  104 0
65  66  27  28  1  (12,9)
67  67  87  57  2  (15,18),(42,8)
69  68  60  55  4  (5,12),(16,8),(27,8),(38,13)
71  69  42  97  0
73  70  54  105 0
75  71  97  57  3  (2,17),(65,19),(88,15)
75  72  100  86 3  (2,8),(33,15),(59,10)
76  73  31  67  0  
78  74  15  17  2  (4,5),(23,20)
80  75  65  94  1  (5,5)
82  76  33  102 0  
82  77  74  26  2  (2,8),(45,11)
82  78  79  50  4  (2,18),(18,17),(22,13),(68,7)
82  79  66  78  0  
83  80  32  19  1  (4,16)
85  81  98  46  0  
85  82  25  83  2  (4,16),(16,7)
85  83  29  20  3 (5,5),(16,15),(26,18)
86  84  70  67  0  
86  85  41  90  2  (2,14),(12,5)
2  25
8  52
13  67
14  68
21  34
27  5
29  54
36  8
39  72
44  37
49  12
53  70
59  2
66  4
73  27
76  85
76  17
