4  3  3  1
2  2
5  54  32  17
70
3  1  100  88  1  (66,5)
5  2  78  108  0  
6  3  30  32  1  (14,7)
6  4  73  22  0  
8  5  83  14  2  (8,5),(70,8)
10  6  32  58  1  (25,6)
12  7  27  65  1  (3,19)
14  8  84  43  0  
14  9  44  46  0  
16  10  81  56  1  (48,12)
17  11  32  51  1  (22,3)
18  12  90  63  0
18  13  59  57  1  (42,11)
20  14  62  82  2  (3,7),(7,8)
22  15  35  97  1  (16,8)
22  16  37  85  0
22  17  58  89  0
24  18  56  68  1  (1,7)
25  19  71  11  0  
25  20  45  65  1  (29,12)
27  21  77  106  0
28  22  95  70  0  
28  23  78  109  1  (55,8)
28  24  88  104  3  (2,2),(45,5),(75,6)
30  25  26  43  1  (1,11)
32  26  89  77  0  
32  27  68  61  2  (3,4),(56,8)
32  28  75  21  2  (36,7),(64,4)
32  29  73  82  0
33  30  22  53  0
34  31  29  52  1  (21,6)
35  32  22  84  0
36  33  29  20  1  (17,10)
36  34  41  57  0  
37  35  35  47  1  (8,14)
39  36  16  62  1  (1,7)
40  37  44  77  0  
41  38  57  10  1  (42,11)
43  39  100  98  2  (19,6),(91,3)
43  40  52  100  1  (35,9)
43  41  28  99  0  
45  42  47  49  1  (3,17)
46  43  21  79  0  
47  44  51  75  1  (42,4)
49  45  22  47  1  (16,7)
49  46  79  52  2  (1,7),(70,3)
49  47  69  31  1  (60,12)
49  48  16  72  1  (4,20)
49  49  29  33  0
49  50  71  11  0
50  51  49  34  1  (16,6)
52  52  18  75  1  (5,18)
52  53  82  76  0
52  54  34  13  0  
53  55  47  52  0  
53  56  49  105  1  (3,6)
54  57  69  38  0  
56  58  73  79  2  (4,5),(62,3)
58  59  50  37  0  
60  60  59  59  3  (4,8),(29,6),(48,3)
61  61  53  15  2  (2,5),(36,7)
62  62  36  80  2  (2,7),(31,5)
64  63  64  16  0  
64  64  80  29  1  (2,6)
66  65  42  74  0
67  66  65  60  2  (5,4),(39,8)
67  67  53  24  0  
69  68  77  82  1  (4,14)
69  69  32  85  1  (1,5)
69  70  17  54  0  
4  3
8  67
8  56
8  47
9  31
9  29
9  23
14  51
19  32
24  7
29  8
29  25
29  55
32  36
32  38
36  40 
40  1
45  55
53  66
58  70
