5  2  4  1
3  5
6  54  48  12
60
2  1  37  59  2  (5,7),(25,6)
2  2  78  59  0  
4  3  97  13  0  
6  4  39  102  1  (16,5)
7  5  45  29  2  (23,8),(41,3)
8  6  54  45  0
9  7  98  26  2  (18,10),(88,5)
9  8  80  42  3  (3,5),(47,7),(72,6)
9  9  99  33  2  (34,8),(56,3)
9  10  30  96  0  
11  11  69  58  1  (48,9)
13  12  27  108  0
14  13  23  57  1  (20,3)
15  14  31  35  1  (12,7)
16  15  39  51  1  (1,5)
16  16  80  109  3  (9,5),(34,11),(66,8)
17  17  27  64  0
18  18  30  57  0  
19  19  66  36  0  
21  20  37  45  0  
23  21  22  87  1  (3,8)
23  22  57  84  2  (1,4),(45,8)
23  23  88  78  0  
23  24  46  29  1  (41,8)
24  25  36  40  0  
24  26  52  81  1  (4,10)
25  27  99  61  2  (1,11),(72,5)
26  28  18  42  0  
26  29  30  107  1  (5,13)
27  30  53  94  0  
28  31  54  70  2  (3,2),(41,7)
29  32  69  28  2  (24,4),(30,4)
31  33  50  76  1  (41,2)
31  34  43  11  0
32  35  28  10  0  
34  36  44  44  1  (4,14)
34  37  35  32  0
36  38  92  63  1  (48,10)
36  39  32  38  3  (3,1),(7,5),(21,7)
37  40  82  74  1  (2,18)
37  41  67  51  3  (13,3),(20,8),(35,10)
37  42  69  96  3  (1,18),(4,15),(8,14)
39  43  68  81  0  
41  44  32  97  2  (2,7),(24,8)
42  45  97  86  1  (2,7)
44  46  93  40  0
44  47  99  51  0  
45  48  90  51  3  (3,7),(35,7),(80,11)
45  49  84  46  0
46  50  98  102  1  (73,11)
47  51  88  24  0
48  52  77  106  2  (5,9),(41,13)
49  53  66  41  0  
50  54  54  63  2  (1,4),(42,7)
52  55  98  10  3  (20,7),(43,4),(65,9)
52  56  64  70  0
52  57  92  83  1  (65,14)
53  58  78  96  0  
55  59  59  41  0  
55  60  72  30  0
5  48
6  40
11  53
13  9
13  11
16  42
23  18
26  6
31  58
38  27
42  44
49  37
52  20 
57  55
59  58
66  3
80  14
