TT        PID       AT        CT        IO_D      WT        RT        TRT       Deadline
8         3         5         20        0         0         5         3         40        
21        12        19        80        4         0         19        2         24        
21        51        19        80        0         2         0         2         0         
21        52        20        79        0         1         0         1         0         
30        9         14        121       21        4         18        16        140       
30        53        20        119       0         10        0         10        0         
30        56        26        113       0         4         0         4         0         
53        33        51        53        0         0         51        2         33        
53        60        51        53        0         2         0         2         0         
78        27        40        27        0         11        51        38        22        
104       1         3         10        37        91        3         101       10        
114       63        74        27        0         13        87        40        0         
114       65        88        26        0         16        89        26        0         
114       66        89        26        0         25        0         25        0         
114       68        93        22        0         21        0         21        0         
114       67        90        24        0         24        0         24        0         
129       69        108       15        0         6         114       21        0         
129       71        114       15        0         15        0         15        0         
129       72        115       14        0         14        0         14        0         
140       64        76        25        0         39        115       64        0         
140       73        121       19        0         19        0         19        0         
140       74        127       13        0         13        0         13        0         
141       37        63        20        8         58        63        78        17        
141       70        109       14        0         21        130       32        0         
141       75        138       6         0         3         0         3         0         
141       5         7         27        0         107       9         134       30        
146       23        35        20        0         91        47        111       47        
151       38        65        36        0         50        65        86        57        
153       6         7         35        22        111       7         146       15        
154       4         5         30        5         119       5         149       90        
154       46        6         29        0         135       9         148       0         
154       48        9         29        0         145       0         145       0         
154       57        35        20        0         119       0         119       0         
154       47        7         28        0         147       0         147       0         
163       35        60        20        0         83        62        103       46        
172       45        84        20        0         68        84        88        34        
186       8         13        24        30        149       13        173       24        
186       49        15        22        0         171       0         171       0         
186       50        16        21        0         170       0         170       0         
200       32        48        70        6         82        59        152       20        
200       82        177       15        0         23        0         23        0         
200       83        178       14        0         22        0         22        0         
217       24        37        40        3         140       37        180       10        
217       77        144       22        0         73        0         73        0         
217       78        146       20        0         71        0         71        0         
232       7         10        22        9         200       177       222       30        
241       14        21        34        0         186       21        220       18        
254       76        142       100       0         12        150       112       0         
254       79        151       99        0         88        152       103       0         
254       81        156       95        0         98        0         98        0         
254       80        153       97        0         101       0         101       0         
264       36        62        46        14        156       100       202       30        
287       43        79        48        0         160       196       208       45        
287       84        254       33        0         33        0         33        0         
287       86        263       24        0         24        0         24        0         
308       19        25        93        14        190       36        283       11        
316       29        43        101       21        172       43        273       10        
316       58        43        101       0         250       141       273       0         
316       85        255       96        0         37        288       61        0         
316       87        291       93        0         23        292       25        0         
316       88        293       92        0         23        0         23        0         
316       89        296       88        0         20        0         20        0         
316       59        47        97        0         269       0         269       0         
341       13        19        92        5         230       19        322       10        
346       25        37        35        0         274       135       309       23        
373       40        68        39        0         266       101       305       18        
377       42        74        34        6         269       116       303       40        
385       26        38        66        16        281       104       347       10        
416       41        70        50        9         296       124       346       38        
487       22        34        127       0         326       34        453       20        
490       17        24        150       15        316       24        466       5         
512       34        54        55        0         403       67        458       54        
526       90        320       193       0         13        321       206       0         
526       92        323       191       0         203       0         203       0         
526       93        327       187       0         199       0         199       0         
557       31        46        65        12        446       219       511       55        
571       44        79        50        14        442       143       492       45        
587       15        21        88        22        478       40        566       26        
587       98        585       2         0         2         0         2         0         
589       20        27        108       0         454       27        562       35        
598       11        17        134       4         447       19        581       25        
604       2         3         50        27        551       3         601       100       
678       18        25        161       19        492       31        653       14        
678       99        635       37        0         41        676       43        0         
678       100       640       32        0         38        0         38        0         
681       28        40        70        3         571       188       641       32        
696       21        30        183       34        483       51        666       22        
708       16        23        199       20        486       166       685       30        
728       39        68        70        13        590       365       660       49        
752       30        45        169       13        538       45        707       42        
752       61        55        161       0         697       0         697       0         
752       62        56        160       0         696       0         696       0         
761       95        530       192       0         39        531       231       0         
761       96        535       188       0         226       0         226       0         
761       97        537       186       0         224       0         224       0         
799       10        15        200       0         584       15        784       100       
799       54        23        196       0         768       317       776       0         
799       91        322       191       0         471       454       477       0         
799       94        459       186       0         340       0         340       0         
799       55        24        195       0         764       527       775       0         
799       101       763       186       0         1         764       36        0         
799       102       772       178       0         1         773       27        0         
799       104       779       172       0         20        0         20        0         
799       105       792       159       0         7         0         7         0         
799       103       775       175       0         24        0         24        0         

Processes : 105
AVG WT=196.55       AVG RT=97.5351      AVG TRT=236.23 
Migiration :%      RTF = 9.52381 %        MaxW = 25.7143 %
Work Steal :       8.57143 %
Forked Processes : 31.4286 %
killed Proceeses : 55.2381 %


Processors : 8 [2 FCFS ,2 SJF ,2 RR , 2 DEF ]
Procesores load
P1 = 2.6531  %    P2 = 3.76355 %    P3 = 3.7037  %    P4 = 3.59731 %    P5 = 2.40707 %    P6 = 2.50682 %    P7 = 3.23825 %    P8 = 2.56666 %    

Processores Utiliz
P1 = 49.875  %    P2 = 70.75   %    P3 = 69.625  %    P4 = 67.625  %    P5 = 45.25   %    P6 = 47.125  %    P7 = 60.875  %    P8 = 48.25   %    
AVG Utilization = 57.4219 %

Percentage of Process completed before expected deadline = 2.85714 %